{
    "TP-base": 9361,
    "TP-call": 9361,
    "FP": 728,
    "FN": 280,
    "precision": 0.9278422043810091,
    "recall": 0.9709573695674723,
    "f1": 0.948910288900152,
    "base cnt": 9641,
    "call cnt": 10089,
    "TP-call_TP-gt": 9077,
    "TP-call_FP-gt": 284,
    "TP-base_TP-gt": 9077,
    "TP-base_FP-gt": 284,
    "gt_precision": 0.8996927346615126,
    "gt_recall": 0.9700758790210537,
    "gt_f1": 0.93355960094621
}