{
    "TP-base": 210,
    "TP-call": 198,
    "FP": 8,
    "FN": 7,
    "precision": 0.9611650485436893,
    "recall": 0.967741935483871,
    "f1": 0.9644422795908426,
    "base cnt": 217,
    "call cnt": 218,
    "TP-call_TP-gt": 142,
    "TP-call_FP-gt": 56,
    "TP-base_TP-gt": 144,
    "TP-base_FP-gt": 66,
    "gt_precision": 0.6893203883495146,
    "gt_recall": 0.9536423841059603,
    "gt_f1": 0.8002191523500175
}