{
    "TP-base": 9365,
    "TP-call": 9365,
    "FP": 772,
    "FN": 276,
    "precision": 0.9238433461576403,
    "recall": 0.9713722642879369,
    "f1": 0.9470118313277378,
    "base cnt": 9641,
    "call cnt": 10137,
    "TP-call_TP-gt": 9084,
    "TP-call_FP-gt": 281,
    "TP-base_TP-gt": 9084,
    "TP-base_FP-gt": 281,
    "gt_precision": 0.8961231133471441,
    "gt_recall": 0.9705128205128205,
    "gt_f1": 0.9318356670256963
}